$ANSIBLE_VAULT;1.1;AES256
31303239633633373530623133666266653239313665356235313431623634353530373038313037
6538653765393861306232663138373163333332333238300a353639363537396334663432316333
66336563383836663837653939326134663164663838613661346263623333363838643136653362
6233616230613166360a666531653838666436353034346465333665326466386362303366356232
64383831623661363734336361366437316337643533343930343334653632323631626465363234
66333431373034366338653931373030633462343630303837336139303637376466393865303933
64356534336331633364326336313262353637303861363563366236373536653561323532663033
30333939386163613666303339653133623633326237666365613634613033666466393330646437
34646231356437393839666130653138656164303531353933623738623435643432313933313937
65323035663237646432623563636635326663373639616136346631653731643666666133383266
32643537613039666431393765313866313734363263306161343263616230646464343438373664
30383439653838353233386133333138643562636163653063633166366566656662393137663033
62626364306531336634366534346438666534373632343630323864396234623930386430353131
64663030623235386331623464313664353061653733663630366339663033333162316435343539
65366231613131646430373436323339393233306663306132303161616639343166653539356233
33313535656165383561653439363638643335373266663733353639393231363930336335633935
37373439323361353164323265373566313665333630356162393131333330346166376465653362
61633662366538643036376439323034306237633064626637623731643263366165323064613863
36613338633532656234663165643562613730343134363435313934336532616461636561303736
61353730313732666566356132653532653730346539646333383362313637303666373336363737
63373262636561333336383333316430336162623465663065636434613930306562333866326465
36643730393065633965623635343536316134353762323635343336373737303734323437316536
34393561353163313463306431626436616233326163643037353035356232633535353137366537
31393132356134303538376338626266663939356137613438363738303465656530633166343936
3631
